,E5,E6,E34,E50,E56,E59,E70,E73
E5: kkkkkk・kkkkkkkkkk・kk,1.0,0.933803915977478,0.28008517622947693,0.5861256718635559,0.3956016004085541,0.41265803575515747,0.5031362771987915,0.7171880006790161
E6: kkkkkk・kkkkk・kkkk・ok,0.933803915977478,1.0,0.2796217203140259,0.5180705785751343,0.4466334581375122,0.45012837648391724,0.45548295974731445,0.5888294577598572
E34: o・jogo・brasil・brazil,0.28008517622947693,0.2796217203140259,1.0,0.29720720648765564,0.2526405453681946,0.2844243049621582,0.6575307250022888,0.2951030731201172
E50: ムラムラしすぎ・望月危なっかしすぎる・最,0.5861256718635559,0.5180705785751343,0.29720720648765564,1.0,0.329980731010437,0.3711174726486206,0.47019094228744507,0.7021778225898743
E56: 韓国発狂・韓国涙目・韓国・korea・n,0.3956016004085541,0.4466334581375122,0.2526405453681946,0.329980731010437,1.0,0.9169028997421265,0.36336198449134827,0.3402164578437805
E59: 審判皆韓国だ・大谷頼りだと韓国サッカーみ,0.41265803575515747,0.45012837648391724,0.2844243049621582,0.3711174726486206,0.9169028997421265,1.0,0.44967252016067505,0.3640119731426239
E70: サッカーわらわら・w・俺はサッカー知って,0.5031362771987915,0.45548295974731445,0.6575307250022888,0.47019094228744507,0.36336198449134827,0.44967252016067505,1.0,0.5147737264633179
E73: 無駄にピョンピョン飛びはねて笑・どうせ勝,0.7171880006790161,0.5888294577598572,0.2951030731201172,0.7021778225898743,0.3402164578437805,0.3640119731426239,0.5147737264633179,1.0
